Systolic row : 64 Systolic col : 64
DNN name : resnet18_summary.txt
2519349504 158454240 158454240 158454240 158454240 20220144 20671728 20671728 20671728 2959992 3411576 3411576 3411576 799288 1260088 1260088 1260088 10320 
DNN name : bert_summary.txt
739584 739584 739584 403968 226560 2958336 2509056 739584 739584 739584 403968 226560 2958336 2509056 739584 739584 739584 403968 226560 2958336 2509056 739584 739584 739584 403968 226560 2958336 2509056 739584 739584 739584 403968 226560 2958336 2509056 739584 739584 739584 403968 226560 2958336 2509056 739584 739584 739584 403968 226560 2958336 2509056 739584 739584 739584 403968 226560 2958336 2509056 739584 739584 739584 403968 226560 2958336 2509056 739584 739584 739584 403968 226560 2958336 2509056 739584 739584 739584 403968 226560 2958336 2509056 739584 739584 739584 403968 226560 2958336 2509056 10356 
DNN name : resnet50_summary.txt
2519349504 157651424 158454240 630605696 157952480 158454240 630605696 157952480 158454240 630605696 315904960 20671728 79475648 20169968 20671728 79475648 20169968 20671728 79475648 20169968 20671728 79475648 40339936 3411576 10435040 2909816 3411576 10435040 2909816 3411576 10435040 2909816 3411576 10435040 2909816 3411576 10435040 2909816 3411576 10435040 5819632 1260088 1763552 748088 1260088 1763552 748088 1260088 1763552 34896 
DNN name : resnet18_summary.txt
Total cycle : 3253186384
DNN name : bert_summary.txt
Total cycle : 99810420
DNN name : resnet50_summary.txt
Total cycle : 6291480400
Systolic row : 128 Systolic col : 128
DNN name : resnet18_summary.txt
1259674752 79227120 79227120 79227120 79227120 5080124 5193020 5193020 5193020 752542 865438 865438 865438 214092 333900 333900 333900 6104 
DNN name : bert_summary.txt
191040 191040 191040 139392 139392 764160 633408 191040 191040 191040 139392 139392 764160 633408 191040 191040 191040 139392 139392 764160 633408 191040 191040 191040 139392 139392 764160 633408 191040 191040 191040 139392 139392 764160 633408 191040 191040 191040 139392 139392 764160 633408 191040 191040 191040 139392 139392 764160 633408 191040 191040 191040 139392 139392 764160 633408 191040 191040 191040 139392 139392 764160 633408 191040 191040 191040 139392 139392 764160 633408 191040 191040 191040 139392 139392 764160 633408 191040 191040 191040 139392 139392 764160 633408 5562 
DNN name : resnet50_summary.txt
1259674752 78825712 79227120 157852128 78976240 79227120 157852128 78976240 79227120 157852128 79076592 5193020 19969264 5067580 5193020 19969264 5067580 5193020 19969264 5067580 5193020 19969264 10135160 865438 2658936 739998 865438 2658936 739998 865438 2658936 739998 865438 2658936 739998 865438 2658936 739998 865438 2658936 1479996 333900 483632 200780 333900 483632 200780 333900 483632 18392 
DNN name : resnet18_summary.txt
Total cycle : 1601813168
DNN name : bert_summary.txt
Total cycle : 26999226
DNN name : resnet50_summary.txt
Total cycle : 2441953094
Systolic row : 256 Systolic col : 256
DNN name : resnet18_summary.txt
630038080 39663736 39663736 39663736 39663736 2540062 2596510 2596510 2596510 198119 226919 226919 226919 60850 93106 93106 93106 3900 
DNN name : bert_summary.txt
107808 107808 107808 139392 139392 431232 328992 107808 107808 107808 139392 139392 431232 328992 107808 107808 107808 139392 139392 431232 328992 107808 107808 107808 139392 139392 431232 328992 107808 107808 107808 139392 139392 431232 328992 107808 107808 107808 139392 139392 431232 328992 107808 107808 107808 139392 139392 431232 328992 107808 107808 107808 139392 139392 431232 328992 107808 107808 107808 139392 139392 431232 328992 107808 107808 107808 139392 139392 431232 328992 107808 107808 107808 139392 139392 431232 328992 107808 107808 107808 139392 139392 431232 328992 3165 
DNN name : resnet50_summary.txt
630038080 39463032 39663736 39563384 39538296 39663736 39563384 39538296 39663736 39563384 39538296 2596510 5042492 2533790 2596510 5042492 2533790 2596510 5042492 2533790 2596510 5042492 2558878 226919 702876 194919 226919 702876 194919 226919 702876 194919 226919 702876 194919 226919 702876 194919 226919 702876 389838 93106 143048 57266 93106 143048 57266 93106 143048 10044 
DNN name : resnet18_summary.txt
Total cycle : 800245560
DNN name : bert_summary.txt
Total cycle : 16352349
DNN name : resnet50_summary.txt
Total cycle : 1074289857
