
Systolic row : 64 Systolic col : 64
DNN name : resnet50_summary.txt
9941904 633374 683550 2533496 652190 683550 2533496 652190 683550 2533496 1304380 142222 364088 110222 142222 364088 110222 142222 364088 110222 142222 364088 220444 78788 85776 42948 78788 85776 42948 78788 85776 42948 78788 85776 42948 78788 85776 42948 78788 85776 85896 76816 45120 35856 76816 45120 35856 76816 45120 34386 
DNN name : resnet50_summary.txt
Total cycle : 27171452

Systolic row : 128 Systolic col : 128
DNN name : resnet50_summary.txt
4970952 316687 341775 645918 326095 341775 645918 326095 341775 645918 332367 38547 100940 30227 38547 100940 30227 38547 100940 30227 38547 100940 60454 23352 27872 13112 23352 27872 13112 23352 27872 13112 23352 27872 13112 23352 27872 13112 23352 27872 26224 19332 11792 9092 19332 11792 9092 19332 11792 18122 
DNN name : resnet50_summary.txt
Total cycle : 10473164

Systolic row : 256 Systolic col : 256
DNN name : resnet50_summary.txt
2498020 167783 180583 170919 172583 180583 170919 172583 180583 170919 172647 20921 30386 16441 20921 30386 16441 20921 30386 16441 20921 30386 17881 6158 8248 3598 6158 8248 3598 6158 8248 3598 6158 8248 3598 6158 8248 3598 6158 8248 7196 9922 6920 4802 9922 6920 4802 9922 6920 9894 
DNN name : resnet50_summary.txt
Total cycle : 4692200

